Canon PowerShot SD1100 IS: Canon, canonSD100IS, 6.02
distortion(6.2mm)  =  0.01576, -0.05512,  0.01877
distortion(7.2mm)  =  0.01258, -0.04518,  0.01608
distortion(8.3mm)  =  0.00121, -0.01475, -0.0003
distortion(9.7mm)  = -0.00339,  0.00445, -0.0226
distortion(11.6mm) = -0.00224,  0.00479, -0.01497]
distortion(14.3mm) =  0.00113, -0.00504, -0.0008
distortion(18.6mm) =  0.00169, -0.00608, 0.00632
